Altitude(km) sigma_p sigma_h sigma_0 kappa_i kappa_e nu_in nu_en omega_e omega_i
   60.00 -0.00000000000000046777 -0.00000000000000004836 -0.00000000000000047277 0.00006909790497182089 -0.10344989170571383674 3061749.46540000010281801224 59644124.57894852757453918457 6170178.22857432905584573746 211.56047360773260379574
   65.00 0.00000009843273213314 0.00000001994921104057 0.00000010247852562228 0.00013075604762937700 -0.20280459857922070177 1613556.39355999999679625034 30341099.40097719430923461914 6153314.48446741327643394470 210.98225664901710274535
   70.00 0.00000070436453818039 0.00000029540191962795 0.00000082834383672221 0.00026272356159790254 -0.41969680333372366698 800865.63124000001698732376 14621307.01965101808309555054 6136515.81670846603810787201 210.40627100072524058305
   75.00 0.00000187063408694729 0.00000170056345938217 0.00000341832898954717 0.00055955835629171991 -0.91010648486161982440 374996.64198085089446976781 6724248.17900725733488798141 6119781.87353344261646270752 209.83250460171947793242
   80.00 0.00000189882072756156 0.00000385396655661993 0.00000974554719337992 0.00123646531858172628 -2.03600925205677896201 169241.25751532841240987182 2997585.74132849927991628647 6103112.30317830387502908707 209.26094539086253121241
   85.00 0.00000203367653997705 0.00000926051103009569 0.00004476839569068293 0.00277592619615211122 -4.61468854577134024453 75179.07917210798768792301 1318942.00824762857519090176 6086506.57799698039889335632 208.69157527644813399093
   90.00 0.00001088277191566473 0.00010699423505878469 0.00113256349440930587 0.00626167380489435314 -10.48314722224068518130 33237.82022392000362742692 579021.20359710545744746923 6069964.52210745401680469513 208.12438822790767289916
   95.00 0.00002246699554244895 0.00039975506586199593 0.00955200406270166266 0.01421084715621040613 -23.83361528212260793680 14605.70055627999863645528 253989.41318686006707139313 6053485.95962770190089941025 207.55937821467236403805
  100.00 0.00003617374495889838 0.00070445091429506784 0.03885450581001701625 0.03315200222760581600 -55.04382904648755925336 6243.86200639999970007921 109677.51458229804120492190 6037070.36291166022419929504 206.99652714503611150576
  105.00 0.00007227489564957820 0.00082543023356149950 0.10685323653395231713 0.07972667118461905511 -128.54636470836001649332 2589.29447224000023197732 46836.93365998198714805767 6020717.55607730709016323090 206.43582898843021666835
  110.00 0.00016065379848565804 0.00081511405229596208 0.24733891888145034810 0.19354184959403142319 -292.28775026339110354456 1063.73513575999982094800 20542.86231998354196548462 6004427.01147857680916786194 205.87726565314846993715
  115.00 0.00032508762425656219 0.00070335965456056772 0.52592474574387904074 0.46022574647533442960 -616.57654707989956932579 446.13070588000005045615 9712.01184585355986200739 5988198.72911546938121318817 205.32083713919089973388
  120.00 0.00044267611586386719 0.00044027496819105824 1.02074193031348170457 1.00371254469931736608 -1153.90850699776137844310 204.00913233200000718170 5175.48154392236483545275 5972032.18134192470461130142 204.76652535485149542183
  125.00 0.00038569984766558820 0.00020968820858453902 1.71679887312904511099 1.83705475907016224646 -1869.66204562393613741733 111.16397986000001196771 3185.56341790973601746373 5955927.01639389432966709137 204.21431823899268920286
  130.00 0.00029098874842739487 0.00009888258356448199 2.62205942147161286115 2.93925898456874268305 -2747.98874506139873119537 69.29100731200000495846 2161.53841421161405378371 5939883.23427137918770313263 203.66421579161442423356
  135.00 0.00021571173535672435 0.00004925692399106410 3.74930438531916543354 4.37398118554198589436 -3776.58619645119779306697 46.43737256160000015370 1568.58597243534291010292 5923900.13144629541784524918 203.11619389044204808670
  140.00 0.00016315463090857239 0.00002637084307361643 5.12889729790446047275 6.17902009628165860278 -4957.81965757178750209277 32.78355619159999889689 1191.64836883401585510001 5907977.70791864022612571716 202.57025253547539023202
  145.00 0.00012684791438668630 0.00001508929864106876 6.80749129992218993124 8.39512682235509011264 -6303.26972119394031324191 24.06472039559999842595 934.77129688943614382879 5892115.61192437354475259781 202.02637966557713866678
  150.00 0.00010129162720922208 0.00000913948228074251 8.83661713525281555803 11.06704817629149140146 -7819.05460384006437379867 18.20580881280000085098 751.53759494319126588380 5876313.49169944971799850464 201.48456321960981085795
  155.00 0.00008287691376238616 0.00000580951539744483 11.28566739385199824142 14.24425331177564935103 -9513.09856938519988034386 14.10707790280000040184 616.05279843732103017828 5860570.99547982774674892426 200.94479113643600953765
  160.00 0.00006926621496904639 0.00000384598899215145 14.23641241623914943659 17.98148007236550682819 -11395.00918553706469538156 11.14519219487999990292 512.93401140211403799185 5844887.77150146290659904480 200.40705135491828059457
  165.00 0.00005863953262535781 0.00000262035415360137 17.69130773958977442817 22.34130422540781069074 -13476.99690690237730450463 8.94627018452000122295 432.53432942311059150597 5829263.81976435519754886627 199.87134387505662402873
  170.00 0.00005011943217652291 0.00000182691433945903 21.67401442162113767154 27.38621952436293938149 -15769.70121735344946500845 7.27875749436000063497 368.66257213705949880023 5813698.61262244079262018204 199.33765060514491551658
  175.00 0.00004313885073255162 0.00000129732334668904 26.21019108990411083937 33.19179226438149754586 -18288.47950433827281813137 5.98961206736000040252 317.04067016267083545245 5798191.79831167683005332947 198.80595948404572936852
  180.00 0.00003729702717202329 0.00000093442865337502 31.29576835128327161328 39.83866748413282721231 -21049.10157793054531794041 4.97698048236000012423 274.72637515774653138578 5782743.37683206144720315933 198.27627051175903716285
  185.00 0.00003226214614624845 0.00000067907583146266 36.83496599145470185022 47.41526735421323479613 -24068.89012745053696562536 4.17056734320000010996 239.61856113838317128284 5767352.82053753361105918884 197.74856559657879984115
  190.00 0.00002879227310548045 0.00000051292644828174 44.15383390135851726654 56.01839824737005102406 -27366.77922734451931319200 3.52067972092000003315 210.18256864507927161867 5752019.95354606863111257553 197.22283870793620508266
  195.00 0.00002616035736013101 0.00000039700800603355 53.27368143240227027491 65.75381342588430300111 -30963.34474698328631347977 2.99144745432000025431 185.27534641271427062748 5736744.42409362457692623138 196.69907778469385561948
  200.00 0.00002388052486651580 0.00000031051483467535 63.93087677692066250756 76.73700865069696419596 -34880.95309293633908964694 2.55648837784000004802 164.03009015183164365226 5721525.88041615858674049377 196.17727076571435418373
  205.00 0.00002188811505290569 0.00000024511599263213 76.34355312829974593569 89.09369722211495457032 -39143.75088226812658831477 2.19608596064000005654 145.77970158446456139245 5706364.32251366972923278809 195.65741765099761551028
  210.00 0.00002013292743906258 0.00000019507962186461 90.75595358777979981824 102.96089529390405914455 -43777.90921231562970206141 1.89527781194800004627 130.00299295104355223884 5691259.22274009417742490768 195.13950034883760054072
  215.00 0.00001857554650655830 0.00000015639159089558 107.44072969355866575825 118.48752318572974218114 -48811.69285907431185478345 1.64256545833600009487 116.28792350229210228463 5676210.40521341189742088318 194.62351282866561064111
  220.00 0.00001718465169823511 0.00000012619430722683 126.70148289111556039188 135.83529891674490386322 -54275.62620068032993003726 1.42900589594399995974 104.30496918151841612143 5661217.51816957537084817886 194.10944302934407801331
  225.00 0.00001593504725108015 0.00000010242279191958 148.87608204105538334261 155.18002230528912832597 -60202.95065257922396995127 1.24756577582800010084 93.78743607286409655899 5646280.38572656549513339996 193.59728492030438928850
  230.00 0.00001480633972602923 0.00000008356571144972 174.34025338067408483766 176.71207172185714284751 -66630.00930486635479610413 1.09266460722799996219 84.51745264440555160945 5631398.65612034220248460770 193.08702644040917562052
  235.00 0.00001378179992831772 0.00000006850258336002 203.51466697930985105813 200.63809625136426006975 -73597.93266272437176667154 0.95983098502800001661 76.31426522818000535153 5616572.15346887987107038498 192.57866155908962468857
  240.00 0.00001284763357241199 0.00000005639389677546 236.87949485174391384135 227.18182430234369917343 -81156.32130472676362842321 0.84545574367600007104 69.02482069110091345010 5601800.52600813750177621841 192.07217821520836764648
  245.00 0.00001199235185326382 0.00000004660398727110 275.01319917895449407297 256.58581641297570286042 -89373.74422728472563903779 0.74660233779200013693 62.51370182777261419460 5587083.59785609133541584015 191.56757037819664901690
  250.00 0.00001120634170578747 0.00000003864726967726 318.69332710021495813635 289.11236695667059848347 -98364.24423072030185721815 0.66086701166799999285 56.65088021393419381866 5572421.01724870316684246063 191.06482598691712837535
  255.00 0.00001048145878805163 0.00000003214937535540 369.13156475582707116700 325.04560760687490983400 -108345.54354581904772203416 0.58626830989599998389 51.29710393629213882605 5557812.60830394551157951355 190.56393901080096497935
  260.00 0.00000981077253477381 0.00000002681947458897 428.32587784571290967506 364.69337510666844082152 -119712.63149812740448396653 0.52116355920400003754 46.30470444001966257019 5543258.01925777737051248550 190.06489738871078998272
  265.00 0.00000918840247527725 0.00000002243011975100 499.02393886652669152681 408.38772524791033902147 -132986.05209937915788032115 0.46418557008400007646 41.57396066028468339937 5528756.89834615867584943771 189.56768905950926296100
  270.00 0.00000860935626111562 0.00000001880198603647 583.76556979218582910107 456.48888412980375051120 -148537.29577567995875142515 0.41418821048320003664 37.12407188223460963172 5514309.24556908477097749710 189.07231402319624180564
  275.00 0.00000806939628532571 0.00000001579293736074 684.24950220305220227601 509.38616371989718345503 -166465.65089692323817871511 0.37020784548000001957 33.03933576474634037368 5499914.53328049462288618088 188.57875418806571587993
  280.00 0.00000756485912388863 0.00000001328963806803 801.94868660120948788972 567.50055568620666690549 -186800.52828348166076466441 0.33143052930880001483 29.36593815813883523447 5485572.76148038636893033981 188.08700955411759991875
  285.00 0.00000709253415680161 0.00000001120120072618 938.72705890804763839697 631.28751285005171212106 -209657.11979139488539658487 0.29716581469080005640 26.09634046222016579009 5471283.57840471807867288589 187.59706806021449665423
  290.00 0.00000664960176143736 0.00000000945436302858 1096.96660831135000080394 701.24030413332650368829 -235250.21080875143525190651 0.26682567522480005184 23.19677680002504160939 5457046.63228944502770900726 187.10891764521898039675
  295.00 0.00000623360239839191 0.00000000798984417692 1279.52700562899144642870 777.89072825262724109052 -263870.62627799593610689044 0.23990844926040003071 20.62700953080068799750 5442861.92313456907868385315 186.62255830913105114632
  300.00 0.00000584240704137090 0.00000000675949121563 1489.71437385221611293673 861.80883235703504396952 -295869.14274082606425508857 0.21598521498160000442 18.34841138593298026649 5428728.74741200264543294907 186.13796592967588594547
  305.00 0.00000547374978464402 0.00000000572313126843 1731.43291153929271786183 953.67569089671837900823 -331680.19382533751195296645 0.19467325668480001122 16.32490440396069431017 5414647.45688578952103853226 185.65515256799085364037
  310.00 0.00000512654385671275 0.00000000484977873238 2008.79629065689368871972 1054.07026922678028313385 -371741.68831103190314024687 0.17567528418920000388 14.52787652782491356618 5400617.34802784491330385208 185.17409410180115969524
  315.00 0.00000479898632349697 0.00000000411214858503 2326.75181478970444004517 1163.76652661881621497741 -416614.48718850332079455256 0.15870432795239999835 12.92955096522815061633 5386638.24495614320039749146 184.69478450053804863273
  320.00 0.00000448974709329713 0.00000000348828845236 2690.77680056660256013856 1283.55349564196376377367 -466919.01423271594103425741 0.14352126215159999312 11.50672773653820080142 5372709.97178866714239120483 184.21721773363282181890
  325.00 0.00000419763379624222 0.00000000296000408523 3106.97660983818195745698 1414.28532331704514035664 -523354.76769940723897889256 0.12991819314800001628 10.23938800076681765461 5358832.52852541580796241760 183.74139380108553609716
  330.00 0.00000392158579216022 0.00000000251218493751 3581.92800446597175323404 1556.88336836362532267231 -586676.74533001065719872713 0.11771420538280000234 9.11064782128306482889 5345005.21163830067962408066 183.26728858062125482320
  335.00 0.00000366064250765630 0.00000000213222657886 4122.01367243909862736473 1712.34635221037547125889 -657597.79582340246997773647 0.10675112650912001178 8.10712574614380443450 5331228.02112732268869876862 182.79490207223997799701
  340.00 0.00000341394050061574 0.00000000180959810465 4731.27762609524688741658 1881.75353754207799283904 -736477.73419770551845431328 0.09689059943712001466 7.22017860716885362393 5317500.78111046273261308670 182.32422824537303540637
  345.00 0.00000318070270899996 0.00000000153547759293 5406.60983175198907701997 2066.27153392169657308841 -822648.77802064944989979267 0.08801130833192000180 6.44725119323348128120 5303823.31570569705218076706 181.85526106945175683904
  350.00 0.00000296021572983523 0.00000000130245177391 6133.23977852151256229263 2267.16409338300900344620 -913868.15221893752459436655 0.08000655223067999755 5.78879467943158765308 5290195.09726696182042360306 181.38798245276993270636
  355.00 0.00000275181564366223 0.00000000110428603617 6893.17367529947932780487 2485.79392299758137596655 -1007707.97015461476985365152 0.07278253869780000607 5.23625522678425703305 5276616.12579425610601902008 180.92239239532756300832
  360.00 0.00000255485682424521 0.00000000093571683184 7683.35789648496756854001 2723.63892216165595527855 -1104167.36312686861492693424 0.06625638860116001005 4.76656549113996064193 5263086.04952353797852993011 180.45847883598727889876
  365.00 0.00000236872749178450 0.00000000079229900073 8514.34340705140311911236 2982.29126722512091873796 -1205274.46703485120087862015 0.06035501552860000202 4.35552634371121261125 5249604.69257278554141521454 179.99623574418035332201
  370.00 0.00000219283935241544 0.00000000067026343047 9396.93385624435723002534 3263.47724057711138812010 -1313102.79144038539379835129 0.05501360783432000107 3.98763288997066922548 5236171.87905997596681118011 179.53565708933800237901
  375.00 0.00000202661131191988 0.00000000056640973534 10337.04727671042746806052 3569.05964507356065951171 -1429131.52802546625025570393 0.05017476551772000193 3.65451825447937483915 5222787.25722106825560331345 179.07673081032288564529
  380.00 0.00000186941275089489 0.00000000047800479269 11336.04137539144721813500 3901.05135524286743020639 -1554442.01289110793732106686 0.04578751587992000577 3.35133160836600074717 5209450.65117403957992792130 178.61945087656624764350
  385.00 0.00000172033803036777 0.00000000040266262067 12389.81767751747247530147 4261.63168165679053345229 -1689955.18985967547632753849 0.04180647802680000080 3.07473352915844433397 5196161.88503686897456645966 178.16381125749936131797
  390.00 0.00000157720399610690 0.00000000033809502457 13478.44682584297697758302 4653.15321160406710987445 -1836557.83113108086399734020 0.03819126468464000002 2.82208417021942059577 5182920.78292753547430038452 177.70980592255361329990
  395.00 0.00000144049789822927 0.00000000028294361347 14594.75324964573337638285 5078.15488873749927734025 -1995162.01538634835742413998 0.03490587165896000266 2.59113142352046743611 5169726.99308199342340230942 177.25742281059143579114
  400.00 0.00000131107838853174 0.00000000023607792281 15736.06295689035687246360 5539.38513453616724291351 -2166735.25830852286890149117 0.03191810021624000293 2.37988473393917221443 5156580.16373620275408029556 176.80664986047551678894
  405.00 0.00000118949132198875 0.00000000019643632421 16899.70672828204260440543 6039.80543478446179506136 -2352312.03037637379020452499 0.02919920103503599942 2.18656385902563199508 5143480.47077218350023031235 176.35749310277449808382
  410.00 0.00000107604921527468 0.00000000016304675787 18083.51132805255838320591 6582.61940030438017856795 -2553006.21498044021427631378 0.02672339440400400487 2.00956321862427511604 5130427.38654387090355157852 175.90993444578228377395
  415.00 0.00000097086299543377 0.00000000013503150197 19285.77999671349607524462 7171.28608574528516328428 -2770015.52618015278130769730 0.02446757412708400192 1.84743401713281429899 5117420.91105126589536666870 175.46397388949884543763
  420.00 0.00000087387721104396 0.00000000011160777948 20505.36477715202272520401 7809.54392306652516708709 -3004632.81862834282219409943 0.02241098776911600032 1.69886333032152725409 5104460.51664830371737480164 175.01959334221808717302
  425.00 0.00000078490299739656 0.00000000009208518226 21741.61370994735625572503 8501.42237244086209102534 -3258248.38064190465956926346 0.02053501063544800262 1.56266367213352985743 5091546.37921700533479452133 174.57679883450870761408
  430.00 0.00000070364741566169 0.00000000007586033088 22994.36290770071354927495 9251.27207218647163244896 -3532358.92398866079747676849 0.01882287872585600152 1.43775818946976552404 5078677.97111130598932504654 174.13557227466449717213
  435.00 0.00000062974072667798 0.00000000006241035788 24263.96728732102565118112 10063.80057941570339608006 -3828582.44957875134423375130 0.01725947431702800142 1.32316730360777978781 5065855.11644918564707040787 173.69590763211687090006
  440.00 0.00000056276163900910 0.00000000005128593159 25551.17469009212072705850 10944.07510755846851679962 -4148654.96408407576382160187 0.01583119607399600254 1.21800383090287178689 5053077.63934862054884433746 173.25779887629698805540
  445.00 0.00000050225640229070 0.00000000004210329920 26857.17438523178498144262 11897.56755648157923133112 -4494451.05318037327378988266 0.01452576295001200071 1.12145965773572098279 5040345.53980961255729198456 172.82124600720496232498
  450.00 0.00000044775548825651 0.00000000003453671462 28183.50873398346448084339 12930.18681328095044591464 -4867986.21920178178697824478 0.01333207581781200093 1.03280043611349725552 5027658.29018609505146741867 172.38623093313458412013
  455.00 0.00000039878698451546 0.00000000002831117948 29532.05769828249322017655 14048.30988501835236093029 -5271432.52653268724679946899 0.01224010297979200197 0.95135734757450174381 5015016.06636009272187948227 171.95275968465458049650
  460.00 0.00000035488773909603 0.00000000002319572546 30904.99344496355843148194 15258.79814806710237462539 -5707124.28925235383212566376 0.01124078098911200120 0.87652167909222877817 5002418.16480351518839597702 171.52080813949010007491
  465.00 0.00000031560953317187 0.00000000001899701525 32304.79023796756519004703 16569.07790157889758120291 -6177581.32140994630753993988 0.01032588435786799957 0.80773760826179152872 4989864.76139838807284832001 171.09038232820986991101
  470.00 0.00000028052579489177 0.00000000001555394441 33734.15100825766421621665 17987.14415164391175494529 -6685513.44478257000446319580 0.00948796922684800106 0.74449861562465857734 4977355.50438066571950912476 170.66147018967643589349
  475.00 0.00000024923506082082 0.00000000001273268056 35195.95203950275754323229 19521.61256515444983961061 -7233823.20997597929090261459 0.00872028707286120162 0.68634387014343622990 4964890.21786832809448242188 170.23406569332115623183
  480.00 0.00000022136241835735 0.00000000001042230950 36693.35693812697718385607 21181.79818136918402160518 -7825655.54487091954797506332 0.00801670195110880043 0.63285033408163382518 4952468.72597935143858194351 169.80816280857519018355
  485.00 0.00000019656161624184 0.00000000000853122791 38229.61360632079595234245 22977.70261907315943972208 -8464369.01621710322797298431 0.00737165730980000097 0.58363366099526725606 4940090.67694969661533832550 169.38374947430128258929
  490.00 0.00000017451382357830 0.00000000000698384501 39808.27033365510578732938 24920.18753383476723683998 -9153604.98716887459158897400 0.00678007866079120055 0.53834049574663700444 4927756.24666138179600238800 168.96083172106798997447
  495.00 0.00000015492871279165 0.00000000000571802109 41432.77308670636557508260 27020.84033410102347261272 -9897220.29651646688580513000 0.00623738504586400077 0.49665103779860503286 4915464.73158632032573223114 168.53938542660054622502
  500.00 0.00000013754169301608 0.00000000000468263839 43106.91783531539113027975 29292.27426346925858524628 -10699402.20644821785390377045 0.00573937739041080041 0.45827011761942287871 4903216.30760653689503669739 168.11941662146764997487
  505.00 0.00000012211401751550 0.00000000000383579956 44834.35207529547915328294 31747.95187112120038364083 -11564574.66953729651868343353 0.00528225927534800056 0.42293043736762675477 4891010.62295798677951097488 167.70091324453187553445
  510.00 0.00000010842988279231 0.00000000000314312460 46618.93565885896532563493 34402.51885054988815682009 -12497499.38026495091617107391 0.00486254712894520092 0.39038589667489265178 4878847.50175864808261394501 167.28386926522452426980
  515.00 0.00000009629574305091 0.00000000000257648777 48464.24836490028246771544 37271.65294915901904460043 -13503170.11685257777571678162 0.00447708286188960077 0.36041364553739868581 4866726.76812649983912706375 166.86827865297681228185
  520.00 0.00000008553801051629 0.00000000000211286709 50373.69971944466669810936 40372.28284297487698495388 -14586845.95208341069519519806 0.00412298066114320100 0.33281001513340596754 4854648.42206154204905033112 166.45414140778885325744
  525.00 0.00000007600155241864 0.00000000000173343984 52350.22311402510968036950 43722.67329489481198834255 -15753946.47690187394618988037 0.00379760478705160011 0.30739039053711580962 4842611.76003568619489669800 166.04143340738568213055
  530.00 0.00000006754808840423 0.00000000000142282747 54395.91509935478825354949 47342.41611533111426979303 -17009940.93748236820101737976 0.00349855753684840017 0.28398788400072816351 4830617.13381297979503870010 165.63016671290480985590
  535.00 0.00000006005433958578 0.00000000000116846023 56511.76816086325561627746 51252.65919983155617956072 -18360229.13947830349206924438 0.00322364392037600067 0.26245119160230018229 4818664.01574735529720783234 165.22032323264008368824
  540.00 0.00000005341078738500 0.00000000000096007411 58697.74759957222704542801 55476.14706727603334002197 -19810077.06779940798878669739 0.00297086066137080022 0.24264178222971294341 4806752.40583881363272666931 164.81190296659147520586
  545.00 0.00000004752008697399 0.00000000000078928367 60953.09491404531581792980 60037.40642321878112852573 -21364690.81864809989929199219 0.00273837445150876052 0.22443021380024535949 4794882.12820533290505409241 164.40489988419028577482
  550.00 0.00000004229587296865 0.00000000000064924041 63277.69161488288955297321 64962.93136749601399060339 -23029633.19711417332291603088 0.00252450578262832046 0.20769122175164345112 4783052.65520084928721189499 163.99929589373039107159
  555.00 0.00000003766171946844 0.00000000000053435558 65673.28952728408330585808 70280.99317633546888828278 -24811369.47557318955659866333 0.00232772895860888004 0.19230153108987865784 4771264.33858940377831459045 163.59510305634915994233
  560.00 0.00000003354983169087 0.00000000000044006025 68144.98574443283723667264 76022.24241183347476180643 -26717934.65867050364613533020 0.00214663882664384038 0.17813938598350279041 4759516.47484291251748800278 163.19229724977182627299
  565.00 0.00000002990025347325 0.00000000000036262411 70700.62842752746655605733 82219.50055257041822187603 -28758986.02198516577482223511 0.00197995467511360036 0.16508959099649320179 4747809.23984339553862810135 162.79088450456706027580
  570.00 0.00000002665991387554 0.00000000000029899736 73349.89287234145740512758 88908.20053020623163320124 -30945600.98194463923573493958 0.00182650027546588014 0.15304735185431153632 4736142.28182680997997522354 162.39085275959740783946
  575.00 0.00000002378182633201 0.00000000000024668671 76102.92469484586035832763 96126.58632458469946868718 -33289910.24252197146415710449 0.00168519665795552006 0.14192034662678137957 4724515.60079315770417451859 161.99220201486292580739
  580.00 0.00000002122460037195 0.00000000000020365622 78969.29246800421969965100 103915.31784347374923527241 -35804627.07854320108890533447 0.00155506346448428022 0.13162903941878253966 4712928.66909637115895748138 161.59491417865743301263
  585.00 0.00000001895147213647 0.00000000000016823697 81958.58893327746773138642 112318.87158487398119177669 -38503374.16056539863348007202 0.00143519065858616003 0.12210310823703238170 4701381.66261847317218780518 161.19899528154962808912
  590.00 0.00000001693008021568 0.00000000000013906609 85079.30326196910755243152 121384.34884744844748638570 -41400178.71686082333326339722 0.00132475426024236025 0.11328149720487565300 4689874.22959542181342840195 160.80443326240217061240
  595.00 0.00000001513174386333 0.00000000000011502587 88340.15485265482857357711 131162.92522552239825017750 -44510049.88331519812345504761 0.00122299210554228000 0.10510898564278889356 4678406.19414519425481557846 160.41122209064627668340
  600.00 0.00000001353115100921 0.00000000000009520255 91749.61633906590577680618 141709.30850392053253017366 -47848809.54224608093500137329 0.00112920850031024010 0.09753591416449473861 4666977.38038577046245336533 160.01935573571327608988
  605.00 0.00000001210589635409 0.00000000000007884549 95316.25664961939037311822 153082.49697113229194656014 -51433311.75311728566884994507 0.00104276345993824021 0.09051697488709697925 4655587.78831714671105146408 159.62883419760311198843
  610.00 0.00000001083616456520 0.00000000000006534017 99049.11025141410937067121 165346.14226838425383903086 -55281640.19914364814758300781 0.00096306840444276007 0.08401047887590042118 4644237.06617528479546308517 159.23964541517844395457
  615.00 0.00000000970446761624 0.00000000000005418254 102957.08882159614586271346 178568.08614679405582137406 -59412892.30756253004074096680 0.00088958663771131208 0.07797844639669974931 4632925.03807816002517938614 158.85178335787045966754
  620.00 0.00000000869531626671 0.00000000000004495897 107049.82827245494991075248 192821.67535014561144635081 -63847623.98864264041185379028 0.00082182276296144017 0.07238564631576362152 4621651.52814375143498182297 158.46524199511048891509
  625.00 0.00000000779500476385 0.00000000000003732899 111337.03481989807914942503 208185.36398871082928963006 -68607733.39504681527614593506 0.00075932338502384810 0.06719966004332232623 4610416.36049003805965185165 158.08001529632983306328
  630.00 0.00000000699138927234 0.00000000000003101326 115829.40046286437427625060 224744.16815486986888572574 -73716871.11723241209983825684 0.00070166938949384010 0.06239032483897547637 4599219.53511701896786689758 157.69610326152849211212
  635.00 0.00000000627373906790 0.00000000000002578244 120537.85803146126272622496 242588.87183726855437271297 -79200175.32958167791366577148 0.00064847778316516006 0.05792993110391496392 4588060.70026065222918987274 157.31349382956904037201
  640.00 0.00000000563253583480 0.00000000000002144701 125473.76508964896493125707 261817.14808723912574350834 -85084583.78690108656883239746 0.00059939611334240011 0.05379281976041755398 4576939.68003891594707965851 156.93218096988275078729
  645.00 0.00000000505935766703 0.00000000000001785169 130649.21435916013433597982 282533.81707316130632534623 -91398902.95897169411182403564 0.00055410062520739201 0.04995526561737167331 4565856.47445180919021368027 156.55216468246962335797
  650.00 0.00000000454672782358 0.00000000000001486842 136077.05548443793668411672 304851.82855826499871909618 -98174148.14798429608345031738 0.00051229291831636004 0.04639521521357666684 4554810.73173529095947742462 156.17343290619226081617
  655.00 0.00000000408802901936 0.00000000000001239105 141770.44641095766564831138 328891.88857682340312749147 -105443199.20603704452514648438 0.00047369967159920003 0.04309241667761524314 4543802.27600733749568462372 155.79597961048190768452
  660.00 0.00000000367737800470 0.00000000000001033267 147743.58366841485258191824 354784.29126230545807629824 -113241593.64560447633266448975 0.00043806846766786408 0.04002797150078710869 4532831.28314997069537639618 155.41981082590731944038
  665.00 0.00000000330956216170 0.00000000000000862140 154011.34009917496587149799 382668.72936616383958607912 -121607170.28478845953941345215 0.00040516743742707205 0.03718446219024274663 4521897.22551712766289710999 155.04490846076234333850
  670.00 0.00000000297995331520 0.00000000000000719798 160589.28266356093809008598 412694.87631831062026321888 -130580407.85313040018081665039 0.00037478358797258404 0.03454576380478538433 4510999.92722678557038307190 154.67126648447825232324
  675.00 0.00000000268443338616 0.00000000000000601299 167493.78983921752660535276 445023.85018916707485914230 -140204770.57975044846534729004 0.00034672048437733605 0.03209690632972578284 4500139.38827894348651170731 154.29888489705504639460
  680.00 0.00000000241935026794 0.00000000000000502613 174742.35653644174453802407 479828.45488952385494485497 -150526665.14517197012901306152 0.00032079748945679606 0.02982405545452021522 4489315.60867360420525074005 153.92776369849278239599
  685.00 0.00000000218145520696 0.00000000000000420358 182352.73167774380999617279 517293.35447401646524667740 -161595429.99148386716842651367 0.00029684874833395606 0.02771444750015962868 4478528.06076470017433166504 153.55788479708525073875
  690.00 0.00000000196785142946 0.00000000000000351775 190345.01381842605769634247 557619.07381050835829228163 -173464886.94739308953285217285 0.00027472024431662401 0.02575608714348732314 4467776.74455223325639963150 153.18924819283245142287
  695.00 0.00000000177597167664 0.00000000000000294539 198738.48323886154685169458 601017.56181772134732455015 -186191038.09637486934661865234 0.00025427186091457805 0.02393811058580150308 4457061.66003620252013206482 152.82185388573444129179
  700.00 0.00000000160352130482 0.00000000000000246762 207555.49666703879483975470 647719.35310422268230468035 -199835495.32574203610420227051 0.00023537305632977403 0.02225021271782929785 4446382.27957054227590560913 152.45568378408501075683
  705.00 0.00000000144846036145 0.00000000000000206850 216818.00163867112132720649 697969.76793704787269234657 -214462868.56586995720863342285 0.00021790448656247601 0.02068301524035097774 4435738.77903727721422910690 152.09074391845294371706
  710.00 0.00000000130897054439 0.00000000000000173487 226549.67208074213704094291 752032.46805050619877874851 -230142577.65928068757057189941 0.00020175595430286603 0.01922778056786023787 4425130.98255438357591629028 151.72702825826948469512
  715.00 0.00000000118342828925 0.00000000000000145591 236776.32686378128710202873 810191.73035489965695887804 -246949713.33004954457283020020 0.00018682556124843800 0.01787634607397878966 4414558.53835781849920749664 151.36452474239726484484
  720.00 0.00000000107038905523 0.00000000000000122240 247523.56832769035827368498 872749.33258732967078685760 -264963085.25497728586196899414 0.00017302015791018403 0.01662126354819395621 4404021.27056556101888418198 151.00322734026750026715
  725.00 0.00000000096855964237 0.00000000000000102695 258819.48199805780313909054 940031.69326552806887775660 -284268081.49842059612274169922 0.00016025325865252202 0.01545554932478074468 4393519.35505963210016489029 150.64314208244891801769
  730.00 0.00000000087678720756 0.00000000000000086318 270694.08460710803046822548 1012388.51451986876782029867 -304956118.40322422981262207031 0.00014844524088568640 0.01437273160160228332 4383052.44007598888128995895 150.28425690780414925030
  735.00 0.00000000079404118734 0.00000000000000072588 283177.57665820361580699682 1090193.59107265877537429333 -327123847.95596039295196533203 0.00013752287757230400 0.01336686457185249331 4372620.17385058850049972534 149.92655975519568301024
  740.00 0.00000000071940173684 0.00000000000000061083 296303.43283842306118458509 1173847.83505668118596076965 -350875785.37304353713989257812 0.00012741860758125440 0.01243238466179030083 4362222.73226545192301273346 149.57005665519230319660
  745.00 0.00000000065204411526 0.00000000000000051426 310105.27581947622820734978 1263781.49164971080608665943 -376322499.38293629884719848633 0.00011807004815559041 0.01156417686047045076 4351859.93943855725228786469 149.21474157722522591030
  750.00 0.00000000059123127582 0.00000000000000043316 324620.72463985817739740014 1360457.17982268705964088440 -403584023.75412744283676147461 0.00010941953825330241 0.01075744086036666859 4341531.26772384252399206161 148.86059642958841209293
  755.00 0.00000000053630409953 0.00000000000000036497 339888.19531321141403168440 1464368.60791322449222207069 -432787346.15024667978286743164 0.00010141410603239282 0.01000777196332748933 4331237.06888534780591726303 148.50763327341920216895
  760.00 0.00000000048667174454 0.00000000000000030773 355947.68784701987169682980 1576044.76571697741746902466 -464067863.53603297472000122070 0.00009400483872018201 0.00931108821531552618 4320976.81527701020240783691 148.15583401701152865826
  765.00 0.00000000044180523846 0.00000000000000025959 372843.16433169745141640306 1696053.73951589409261941910 -497571750.51440429687500000000 0.00008714653389056065 0.00866357601355838454 4310750.68278084974735975266 147.80520469093400492966
  770.00 0.00000000040122914972 0.00000000000000021907 390619.83013413910521194339 1825004.95770485559478402138 -533454964.06409347057342529297 0.00008079743925130065 0.00806170798559501314 4300558.14375080261379480362 147.45572720348056350304
  775.00 0.00000000036451835446 0.00000000000000018499 409326.28356154373614117503 1963550.79764884128235280514 -571884189.67839872837066650391 0.00007491907403738501 0.00750221714728923229 4290399.37406889069825410843 147.10740758521993143404
  780.00 0.00000000033129220494 0.00000000000000015633 429012.74720518244430422783 2112382.77587368618696928024 -613036540.17224228382110595703 0.00006947615814793936 0.00698208657619410738 4280274.19785309303551912308 146.76023980558338166702
  785.00 0.00000000030120588193 0.00000000000000013214 449735.46235474542481824756 2272260.19442607043310999870 -657106290.44383430480957031250 0.00006443549561911632 0.00649846505114891424 4270182.26333936490118503571 146.41421180343343166896
  790.00 0.00000000027395309190 0.00000000000000011171 471550.54421606328105553985 2443975.29064406966790556908 -704296018.59141767024993896484 0.00005976710326734768 0.00604876849800726688 4260123.57052770722657442093 146.06932357877019512671
  795.00 0.00000000024925690170 0.00000000000000009452 494519.57549677591305226088 2628387.51617127843201160431 -754826084.42463135719299316406 0.00005544295436058852 0.00563056581010412498 4250097.94353609811514616013 145.72556910102483129776
  800.00 0.00000000022686836277 0.00000000000000007995 518708.72726591286482289433 2826420.52570279501378536224 -808933535.00119972229003906250 0.00005143712374629001 0.00524159899796492953 4240105.20648251660168170929 145.38294233962869839161
  805.00 0.00000000020656423617 0.00000000000000006772 544187.25420360616408288479 3039054.66249765828251838684 -866871495.20599842071533203125 0.00004772584221153132 0.00487978366200832788 4230145.35936696268618106842 145.04144329458179640824
  810.00 0.00000000018814370443 0.00000000000000005740 571029.06600971869193017483 3267340.18812053697183728218 -928911136.40512311458587646484 0.00004428711355536916 0.00454318832115590404 4220218.22630741447210311890 144.70106593531545513542
  815.00 0.00000000017142536544 0.00000000000000004863 599314.42170970339793711901 3512408.63593382108956575394 -995347221.12766456604003906250 0.00004110051339806925 0.00423000473218762985 4210323.45553982816636562347 144.36179820069213519673
  820.00 0.00000000015624628525 0.00000000000000004125 629127.40340783086139708757 3775463.24387852614745497704 -1066494586.08974432945251464844 0.00003814727804721665 0.00393856778809073375 4200461.22294622659683227539 144.02364612128064891294
  825.00 0.00000000014245969143 0.00000000000000003498 660560.81485146668273955584 4057802.66555776353925466537 -1142693836.58720469474792480469 0.00003540995200568560 0.00366732631487573296 4190631.17676256643608212471 143.68659763594351375104
  830.00 0.00000000012993324136 0.00000000000000002971 693709.26160350616555660963 4360801.50058227404952049255 -1224308604.13667845726013183594 0.00003287254572237952 0.00341485237217208125 4180833.14110682578757405281 143.35064671411205949880
  835.00 0.00000000011854752911 0.00000000000000002520 728678.11669004720170050859 4685948.27569910697638988495 -1311733863.46498966217041015625 0.00003052013913543452 0.00317981202754115660 4171067.11597900371998548508 143.01579335578622931280
  840.00 0.00000000010819505503 0.00000000000000002139 765574.54179015127010643482 5034818.86138544231653213501 -1405387933.66298484802246093750 0.00002833905954883454 0.00296098523818333651 4161332.92549708019942045212 142.68203153039735298080
  845.00 0.00000000009877888949 0.00000000000000001821 804514.44013029325287789106 5409104.62070415169000625610 -1505720359.66054534912109375000 0.00002631662192169147 0.00275723878144080699 4151630.56966105569154024124 142.34936123794548734622
  850.00 0.00000000009021125151 0.00000000000000001548 845617.13397013861685991287 5810615.16109835822135210037 -1613210177.67013573646545410156 0.00002444108935961254 0.00256752627658650900 4141959.52082486450672149658 142.01776438672439439870
  855.00 0.00000000008241283723 0.00000000000000001314 889010.11568198143504559994 6241297.87690469995141029358 -1728370822.78044676780700683594 0.00002270156878141821 0.00239087589091838831 4132320.13075254857540130615 141.68725303787149982782
  860.00 0.00000000007531213984 0.00000000000000001117 934826.03530152991879731417 6703231.03808873426169157028 -1851746887.97887015342712402344 0.00002108801088556625 0.00222639060368443227 4122711.87179804546758532524 141.35780909968073615346
  865.00 0.00000000006884481729 0.00000000000000000954 983196.94337859912775456905 7198605.23171873390674591064 -1983905175.13742589950561523438 0.00001959121719598015 0.00207325177200490783 4113134.91984337521716952324 141.02943860272077358786
  870.00 0.00000000006295206218 0.00000000000000000813 1034270.73217604239471256733 7729828.23665888793766498566 -2125467312.28080511093139648438 0.00001820249107458445 0.00193067609151843463 4103588.92312449635937809944 140.70212948585424328485
  875.00 0.00000000005758127194 0.00000000000000000693 1088192.54586191265843808651 8299410.98782547004520893097 -2277074402.27069997787475585938 0.00001691395714165746 0.00179795349574822625 4094073.88164140703156590462 140.37588174908103155758
  880.00 0.00000000005268459440 0.00000000000000000587 1145117.32553473301231861115 8910061.70945974998176097870 -2439414678.61188459396362304688 0.00001571826188168517 0.00167441373516467656 4084589.44363006530329585075 140.05068333126379798159
  885.00 0.00000000004821870901 0.00000000000000000500 1205207.12879549269564449787 9564678.33332157693803310394 -2613218621.95437908172607421875 0.00001460859794690531 0.00155943163374703511 4075135.78497249307110905647 139.72654026297126961254
  890.00 0.00000000004414433609 0.00000000000000000426 1268636.45161810703575611115 10266375.86296349577605724335 -2799271586.48969888687133789062 0.00001357864239283700 0.00145241810384146822 4065712.72978666657581925392 139.40344651363466255134
  895.00 0.00000000004042605515 0.00000000000000000365 1335585.46850079041905701160 11018452.50469931960105895996 -2998401021.03074026107788085938 0.00001262258833196395 0.00135282768977784424 4056319.92630854528397321701 139.08139002211660795183
  900.00 0.00000000003703172445 0.00000000000000000310 1406241.79065295727923512459 11824420.21599245816469192505 -3211487298.15552949905395507812 0.00001173506761885412 0.00126015051557651749 4046957.37453812826424837112 138.76037078841710581401
  905.00 0.00000000003393203558 0.00000000000000000267 1480815.30720901372842490673 12688112.05387852154672145844 -3439489404.60728549957275390625 0.00001091103090783697 0.00117390240923111720 4037624.89859339315444231033 138.44038278196740066051
  910.00 0.00000000003110061894 0.00000000000000000229 1559512.58878685068339109421 13613523.79932206124067306519 -3683403511.61449527740478515625 0.00001014589815530685 0.00109364137971097904 4028322.49847434181720018387 138.12142600276754933475
  915.00 0.00000000002851341392 0.00000000000000000193 1642565.81513499026186764240 14605003.39123245328664779663 -3944317797.82292079925537109375 0.00000943536202826038 0.00101894680000614549 4019049.99829895235598087311 137.80349442024882478108
  920.00 0.00000000002614870895 0.00000000000000000168 1730213.47080036369152367115 15667145.04680958017706871033 -4223374308.04492807388305664062 0.00000877547131867780 0.00094943211984480926 4009807.22218520008027553558 137.48658200384241467873
  925.00 0.00000000002398668393 0.00000000000000000143 1822708.18688773037865757942 16804875.19995222613215446472 -4521803026.74947834014892578125 0.00000816255325442336 0.00088473428551993731 4000594.17013308918103575706 137.17068875354846113623
  930.00 0.00000000002200938201 0.00000000000000000123 1920319.84090372431091964245 18023465.20289451256394386292 -4840914680.36061573028564453125 0.00000759320147749673 0.00082451576900777787 3991410.49037857400253415108 136.85580260822948162058
  935.00 0.00000000002020056810 0.00000000000000000104 2023331.80662537016905844212 19328495.14479651302099227905 -5182096343.04997634887695312500 0.00000706428113233866 0.00076846432781252740 3982256.18292165640741586685 136.54192356788547613178
  940.00 0.00000000001854529384 0.00000000000000000089 2132042.75912756426259875298 20726018.67911380901932716370 -5546848525.16271972656250000000 0.00000657285191824121 0.00071628623528092105 3973131.24776233406737446785 136.22905163251641624811
  945.00 0.00000000001703013189 0.00000000000000000075 2246777.25047562411054968834 22222457.52844594046473503113 -5936765865.90590572357177734375 0.00000611620810016190 0.00066770956151421083 3964035.33313656598329544067 135.91717474098493312340
  950.00 0.00000000001564285783 0.00000000000000000066 2367862.50555510725826025009 23824602.32437892258167266846 -6353524695.25161647796630859375 0.00000569185966031969 0.00062248415308752082 3954968.43904435122385621071 135.60629289329099833594
  955.00 0.00000000001437233464 0.00000000000000000057 2495653.17775926133617758751 25539734.00165706500411033630 -6798929545.33631706237792968750 0.00000529748689162762 0.00058037526924990368 3945930.56548568978905677795 135.29640608943461188574
  960.00 0.00000000001320834558 0.00000000000000000048 2630528.94092150451615452766 27375751.33745811507105827332 -7274926561.16690063476562500000 0.00000493091497669967 0.00054116303822386016 3936921.36069653881713747978 134.98750226827834808319
  965.00 0.00000000001214171714 0.00000000000000000039 2772879.05635544750839471817 29340888.09178918600082397461 -7783547164.14173221588134765625 0.00000459016717587056 0.00050464662728230811 3927940.82467689877375960350 134.67958142982220692829
  970.00 0.00000000001116403056 0.00000000000000000035 2923126.61722739553079009056 31444063.62955705448985099792 -8326988105.37667751312255859375 0.00000427338670844558 0.00047063703080064517 3918988.95742676919326186180 134.37264357406621684277
  975.00 0.00000000001026761942 0.00000000000000000031 3081711.78635546052828431129 33694773.44002050161361694336 -8907579680.90941238403320312500 0.00000397885674698252 0.00043895935228759146 3910065.40718210628256201744 134.06667663987286687188
  980.00 0.00000000000944551144 0.00000000000000000026 3249100.82959715230390429497 36103131.05944880098104476929 -9527804620.93873405456542968750 0.00000370498820106257 0.00040945109112412964 3901169.99806088907644152641 133.76167459667354364683
  985.00 0.00000000000869134592 0.00000000000000000022 3425779.04852800164371728897 38679901.75821741670370101929 -10190299562.53005027770996093750 0.00000345030993976744 0.00038196159572572748 3892303.08182716090232133865 133.45764950560561601378
  990.00 0.00000000000799932017 0.00000000000000000018 3612280.78605776419863104820 41436701.91177482157945632935 -10897910581.79611206054687500000 0.00000321344535402217 0.00035634940531075566 3883463.95495283603668212891 133.15457724439428943697
  995.00 0.00000000000736416738 0.00000000000000000018 3809142.11200147401541471481 44385707.27117640525102615356 -11653607321.54881286621093750000 0.00000299313626033960 0.00033248528651186776 3874652.96920195687562227249 132.85246987417690434086
